------------------------------ Relevants for queryNo = 9 ------------ 
9 35487 4 35488 4 35504 4 39546 4 72172 4 85573 4 90605 4 105518 4 1489 3 26513 3 29254 3 35485 3 35486 3 35489 3 35726 3 36670 3 37665 3 37805 3 37947 3 41843 3 51454 3 68773 3 69519 3 72168 3 72169 3 85574 3 90606 3 19234 2 20200 2 20216 2 20224 2 22672 2 23081 2 29057 2 29173 2 29206 2 29214 2 29260 2 32274 2 34312 2 35289 2 35293 2 35297 2 35491 2 35497 2 36622 2 37443 2 37946 2 39312 2 39447 2 39454 2 39468 2 39472 2 39475 2 39476 2 39700 2 40148 2 40177 2 44123 2 50091 2 51613 2 53628 2 56903 2 58741 2 58742 2 58745 2 58747 2 62838 2 68766 2 72177 2 79558 2 87114 2 92750 2 93368 2 97913 2 98609 2 99692 2 102539 2 104403 2 104957 2 110341 2 110572 2 121903 2 168673 2 16020 1 16867 1 17528 1 17529 1 21406 1 21544 1 21762 1 21845 1 23184 1 28864 1 28893 1 29011 1 29047 1 29094 1 29188 1 29190 1 29289 1 29290 1 29346 1 30497 1 35287 1 35288 1 35700 1 35728 1 35742 1 36781 1 39353 1 39375 1 39382 1 39400 1 39467 1 39469 1 53189 1 53303 1 57654 1 63887 1 64799 1 79559 1 90608 1 91276 1 95405 1 104359 1 104393 1 104877 1 106209 1 108766 1 110586 1 110607 1 115037 1 118668 1 122502 1 123723 1 125270 1 125845 1 130224 1 155061 1 155069 1 158121 1 163883 1 168672 1 175681 1 
The number of relevant document for query 9 is: 145

------------------------------ Relevants for queryNo = 10 ------------ 
10 78465 4 82132 4 83558 4 15944 3 16057 3 16089 3 20990 3 21125 3 21979 3 22011 3 23306 3 23349 3 26703 3 27011 3 42535 3 42537 3 42561 3 52829 3 52992 3 52994 3 57724 3 85032 3 89390 3 129926 3 131605 3 131614 3 131624 3 132480 3 176503 3 14047 2 14083 2 14118 2 15470 2 15532 2 15866 2 15879 2 15903 2 15925 2 15931 2 16099 2 20931 2 20935 2 20979 2 20992 2 21016 2 21068 2 21104 2 21959 2 22021 2 26747 2 27748 2 31632 2 40339 2 41796 2 41834 2 41839 2 41840 2 41872 2 43042 2 43489 2 43490 2 46542 2 46543 2 46544 2 46548 2 46784 2 52231 2 52733 2 52741 2 57654 2 57723 2 57725 2 58399 2 64135 2 72635 2 75243 2 75389 2 80081 2 80119 2 80184 2 81257 2 84522 2 84527 2 84532 2 84559 2 84588 2 84639 2 84641 2 84771 2 85010 2 85022 2 85335 2 85336 2 86529 2 86539 2 86738 2 86865 2 88359 2 88841 2 88843 2 88853 2 88891 2 88927 2 89180 2 89389 2 90023 2 90462 2 90493 2 91378 2 91386 2 91390 2 91393 2 91399 2 91407 2 91477 2 96061 2 98923 2 99201 2 99223 2 101417 2 102199 2 102919 2 103418 2 105273 2 118759 2 128485 2 130883 2 131498 2 131612 2 131635 2 132470 2 132524 2 136112 2 136119 2 147551 2 148442 2 156733 2 157049 2 157057 2 157061 2 161738 2 162052 2 162054 2 168122 2 168205 2 170885 2 176505 2 176509 2 176514 2 176596 2 176715 2 176850 2 176893 2 2199 1 2240 1 10183 1 10487 1 15454 1 15827 1 15857 1 15865 1 15937 1 16092 1 21111 1 21117 1 22014 1 22438 1 23324 1 23354 1 37593 1 40334 1 41831 1 43773 1 49318 1 50135 1 52386 1 52739 1 56745 1 56746 1 61540 1 64152 1 65406 1 78415 1 78990 1 78994 1 80021 1 82101 1 82819 1 84544 1 84640 1 84642 1 84770 1 90693 1 91418 1 91660 1 100314 1 104495 1 123024 1 132519 1 132761 1 161737 1 173438 1 173546 1 173747 1 
The number of relevant document for query 10 is: 204

------------------------------ Relevants for queryNo = 11 ------------ 
11 86106 4 86107 4 86108 4 86112 4 86113 4 86114 4 86115 4 86116 4 86124 4 86125 4 86126 4 86127 4 86131 4 86158 4 86163 4 86164 4 86166 4 86170 4 86174 4 86175 4 86176 4 86177 4 86181 4 86182 4 86183 4 86187 4 86188 4 86190 4 86194 4 86578 4 88737 4 97174 4 97442 4 97460 4 97465 4 97466 4 97467 4 97472 4 97516 4 97519 4 97521 4 97522 4 97524 4 97525 4 97529 4 97530 4 97531 4 97536 4 97537 4 97538 4 97539 4 97545 4 97547 4 97549 4 97551 4 97553 4 97554 4 97751 4 103700 4 104630 4 104631 4 104768 4 104769 4 104782 4 86111 3 86117 3 86118 3 86122 3 86123 3 86129 3 86130 3 86161 3 86171 3 86185 3 86186 3 86189 3 86197 3 86600 3 86601 3 86640 3 87038 3 97470 3 97471 3 97488 3 97540 3 97558 3 97559 3 97566 3 104587 3 104633 3 104719 3 104745 3 104783 3 86340 2 97448 2 99512 2 103693 2 104639 2 104791 2 104893 2 104949 2 105163 2 105191 2 105560 2 105602 2 169279 2 170616 2 
The number of relevant document for query 11 is: 107

------------------------------ Relevants for queryNo = 12 ------------ 
12 262 3 263 3 36919 3 37144 3 40700 3 41393 3 41794 3 54600 3 54601 3 60863 3 65258 3 85558 3 89747 3 92928 3 99547 3 104901 3 104965 3 106156 3 106306 3 109212 3 136323 3 136361 3 136373 3 136461 3 136535 3 136541 3 136569 3 140700 3 146802 3 156080 3 170333 3 172798 3 172999 3 19984 2 30544 2 32290 2 32333 2 34128 2 35280 2 36912 2 37169 2 38727 2 38967 2 39437 2 39439 2 39440 2 39447 2 39458 2 39468 2 39643 2 40832 2 41391 2 44108 2 49113 2 51356 2 56235 2 56337 2 59223 2 59574 2 60866 2 65154 2 65212 2 72032 2 72607 2 73454 2 73846 2 75187 2 75947 2 76156 2 77223 2 78952 2 79797 2 83986 2 83987 2 84651 2 84810 2 85926 2 87329 2 88309 2 89631 2 89697 2 90769 2 95550 2 95939 2 98531 2 102025 2 102027 2 103013 2 104461 2 104963 2 104964 2 105455 2 106106 2 106305 2 119120 2 121749 2 130745 2 136255 2 136260 2 136311 2 136349 2 136359 2 136375 2 136462 2 136465 2 136512 2 136571 2 136610 2 136631 2 138414 2 138904 2 139184 2 140627 2 146627 2 156049 2 169315 2 170423 2 172797 2 854 1 21146 1 23579 1 23981 1 23983 1 26570 1 35263 1 35298 1 36024 1 36990 1 36997 1 39444 1 39465 1 39693 1 41390 1 41793 1 41977 1 46164 1 46523 1 49361 1 55279 1 56891 1 58076 1 58791 1 61690 1 65152 1 65196 1 65224 1 67267 1 68896 1 73458 1 77953 1 84040 1 89629 1 89684 1 89710 1 92644 1 92673 1 92687 1 93517 1 95469 1 98544 1 98929 1 102456 1 102472 1 104839 1 104956 1 104971 1 106155 1 112742 1 119846 1 120623 1 124026 1 124073 1 136324 1 136341 1 136356 1 136471 1 136485 1 136568 1 136618 1 136641 1 140707 1 140729 1 141080 1 146288 1 156079 1 167969 1 170917 1 172237 1 174444 1 177071 1 
The number of relevant document for query 12 is: 190

------------------------------ Relevants for queryNo = 13 ------------ 
13 28199 4 35231 4 35232 4 35235 4 37548 4 38471 4 38472 4 38474 4 53296 4 53297 4 62674 4 76333 4 76939 4 129882 4 157550 4 271 3 9713 3 10818 3 24323 3 28083 3 28185 3 28190 3 28192 3 28193 3 28198 3 29510 3 30354 3 31558 3 34256 3 35204 3 35233 3 36403 3 36431 3 44123 3 60294 3 70961 3 79639 3 84511 3 89931 3 157549 3 2788 2 4807 2 6213 2 6771 2 10936 2 10992 2 11050 2 11675 2 14476 2 16944 2 17659 2 18203 2 19043 2 19303 2 20508 2 20509 2 23826 2 23955 2 24305 2 24326 2 24346 2 26231 2 28183 2 28195 2 30347 2 32133 2 33364 2 33701 2 33703 2 35200 2 35206 2 35214 2 35786 2 36687 2 37894 2 38234 2 38235 2 38431 2 40133 2 44326 2 44370 2 46107 2 46832 2 47675 2 48140 2 50003 2 56124 2 56435 2 56503 2 57046 2 57694 2 57900 2 61680 2 62077 2 63412 2 70025 2 73583 2 76293 2 81709 2 104433 2 105878 2 105879 2 105880 2 106173 2 106174 2 106307 2 106656 2 107760 2 108128 2 108131 2 108297 2 112346 2 112870 2 112877 2 112950 2 113374 2 114158 2 117074 2 119288 2 120364 2 120387 2 121931 2 121932 2 125266 2 125522 2 129831 2 129872 2 129884 2 129919 2 130117 2 130718 2 137037 2 142185 2 144858 2 145899 2 146807 2 148756 2 151270 2 154573 2 154574 2 157534 2 157539 2 157540 2 157542 2 160620 2 165469 2 169444 2 169984 2 169989 2 170019 2 172412 2 1893 1 5363 1 7012 1 7337 1 8953 1 18189 1 18456 1 22559 1 23561 1 24309 1 24318 1 24322 1 24327 1 24542 1 24759 1 28201 1 29509 1 35205 1 36692 1 38443 1 38450 1 38456 1 38465 1 38469 1 39473 1 40542 1 44964 1 47963 1 48526 1 52204 1 56003 1 59882 1 68948 1 74465 1 77035 1 77956 1 78247 1 81559 1 91906 1 93967 1 94432 1 94719 1 95064 1 99634 1 101634 1 103006 1 104403 1 104683 1 105225 1 105694 1 105718 1 108116 1 111046 1 111226 1 111351 1 111624 1 112221 1 112977 1 113261 1 119281 1 120389 1 125784 1 139249 1 150308 1 155020 1 155900 1 162878 1 162947 1 163543 1 169864 1 169979 1 169987 1 175105 1 
The number of relevant document for query 13 is: 224



------------------------------ Relevants for queryNo = 15 ------------ 
15 1285 4 1287 4 57349 4 61519 4 64447 4 68674 4 84369 4 87223 4 92129 4 95102 4 95912 4 96358 4 96752 4 96909 4 99357 4 99823 4 100051 4 100116 4 100957 4 101323 4 101695 4 101746 4 103290 4 104162 4 105279 4 140575 4 140581 4 140988 4 142344 4 142723 4 143717 4 143718 4 145297 4 145449 4 145605 4 148341 4 150695 4 153860 4 155176 4 155697 4 164562 4 165474 4 165933 4 168443 4 170026 4 176420 4 11670 3 18364 3 18372 3 18745 3 22413 3 22462 3 22487 3 39144 3 44002 3 68441 3 69316 3 79509 3 81183 3 81399 3 81567 3 87119 3 87166 3 87186 3 87200 3 87215 3 87216 3 87218 3 87534 3 89999 3 90015 3 90844 3 91312 3 95063 3 97899 3 97903 3 100052 3 100117 3 100371 3 100655 3 101537 3 101634 3 123351 3 130970 3 141282 3 141544 3 141572 3 141604 3 142345 3 142582 3 142822 3 143253 3 143385 3 147460 3 147481 3 150477 3 150694 3 150729 3 151225 3 151493 3 151787 3 152158 3 152178 3 152433 3 152441 3 152571 3 154420 3 154450 3 154755 3 154761 3 155582 3 155603 3 165819 3 167675 3 169128 3 170541 3 170844 3 171581 3 171747 3 173129 3 175321 3 4046 2 22350 2 22509 2 22744 2 34662 2 39140 2 51306 2 64527 2 68169 2 69285 2 69327 2 73005 2 80445 2 84732 2 90098 2 95741 2 97897 2 98268 2 100366 2 104515 2 105107 2 105191 2 105548 2 105652 2 105706 2 105708 2 133521 2 135308 2 136021 2 147162 2 148033 2 148554 2 150302 2 150834 2 150835 2 150841 2 151884 2 153880 2 155718 2 168698 2 170911 2 173743 2 3036 1 3094 1 4097 1 4832 1 5518 1 8264 1 11016 1 11564 1 12374 1 12636 1 14076 1 15722 1 15827 1 18363 1 22424 1 34528 1 34613 1 42473 1 46184 1 49239 1 49552 1 54221 1 63887 1 64630 1 69282 1 69296 1 69336 1 87185 1 92279 1 100359 1 100360 1 100393 1 134709 1 137223 1 145949 1 148034 1 164404 1 170878 1 
The number of relevant document for query 15 is: 201

------------------------------ Relevants for queryNo = 16 ------------ 
16 6204 4 21881 4 21882 4 21892 4 21933 4 23221 4 25185 4 32091 4 32092 4 41790 4 41791 4 43941 4 44580 4 44600 4 44602 4 47386 4 47401 4 47406 4 47440 4 52634 4 53000 4 53005 4 58431 4 59794 4 59795 4 70952 4 78737 4 78750 4 78751 4 78753 4 78766 4 78767 4 86473 4 88955 4 90554 4 90903 4 90907 4 90910 4 90915 4 90917 4 90919 4 90947 4 96699 4 104051 4 110774 4 114618 4 117324 4 118211 4 118223 4 118710 4 118713 4 128130 4 128157 4 130190 4 139336 4 139338 4 139341 4 139343 4 139344 4 139355 4 139356 4 139359 4 139360 4 139361 4 139365 4 140432 4 140696 4 156708 4 156866 4 159491 4 166736 4 173474 4 173585 4 176475 4 176636 4 923 3 2523 3 11332 3 19092 3 21886 3 21893 3 21934 3 22322 3 24247 3 40477 3 42216 3 44610 3 44622 3 47422 3 54355 3 55365 3 63587 3 78741 3 78780 3 78782 3 78783 3 84649 3 90922 3 90934 3 90946 3 90959 3 90961 3 94169 3 111333 3 111337 3 121841 3 126951 3 128151 3 139331 3 139340 3 139350 3 139357 3 140433 3 140697 3 146868 3 147379 3 148329 3 168206 3 877 2 1861 2 19096 2 25792 2 28291 2 33731 2 37858 2 44582 2 47387 2 91583 2 113021 2 118217 2 118688 2 132024 2 143918 2 150148 2 21291 1 22411 1 44123 1 59382 1 61967 1 76632 1 90187 1 91581 1 113169 1 119138 1 122733 1 155567 1 156586 1 
The number of relevant document for query 16 is: 147

------------------------------ Relevants for queryNo = 17 ------------ 
17 1271 4 89080 4 89316 4 89317 4 91264 4 91931 4 96019 4 134194 4 134195 4 134196 4 134198 4 134221 4 134300 4 134323 4 134324 4 134325 4 134327 4 134425 4 134491 4 134532 4 134786 4 134787 4 134849 4 134869 4 135024 4 135044 4 135087 4 135096 4 135127 4 135136 4 135236 4 135238 4 135255 4 135256 4 135301 4 135308 4 135312 4 135313 4 135315 4 135319 4 135433 4 137797 4 140855 4 154729 4 156419 4 163461 4 42873 3 76284 3 78043 3 78814 3 78816 3 85509 3 89039 3 89040 3 91611 3 91857 3 95063 3 96751 3 100707 3 101384 3 128857 3 129726 3 134330 3 134691 3 134738 3 145292 3 1272 2 34500 2 40462 2 60935 2 61710 2 63887 2 64356 2 68017 2 68819 2 68948 2 68987 2 74848 2 74860 2 77587 2 85835 2 85983 2 89041 2 89048 2 89061 2 89062 2 89158 2 89944 2 90192 2 90196 2 90781 2 90800 2 90801 2 91856 2 93808 2 95152 2 95742 2 95912 2 95925 2 95984 2 96154 2 96909 2 96922 2 97110 2 99713 2 99780 2 101802 2 104403 2 104775 2 105391 2 105682 2 125661 2 132711 2 133211 2 133472 2 133516 2 133571 2 134197 2 134218 2 134222 2 134301 2 134337 2 134340 2 134374 2 134423 2 134581 2 134690 2 134699 2 134704 2 134705 2 134708 2 134739 2 134785 2 134870 2 135022 2 135035 2 135040 2 135041 2 135060 2 135061 2 135130 2 135131 2 135132 2 135311 2 135314 2 135565 2 135584 2 136171 2 142678 2 145158 2 145266 2 147041 2 156420 2 163441 2 163460 2 163473 2 164236 2 167489 2 171749 2 173213 2 175151 2 22253 1 25605 1 49361 1 79873 1 90160 1 96362 1 101647 1 133549 1 134745 1 135110 1 147851 1 163920 1 164081 1 169303 1 170692 1 171488 1 173016 1 174219 1 175150 1 
The number of relevant document for query 17 is: 180

------------------------------ Relevants for queryNo = 20 ------------ 
20 910 4 2679 4 7033 4 12047 4 17583 4 20539 4 25268 4 25291 4 25293 4 25317 4 25321 4 25327 4 25333 4 25335 4 25336 4 28013 4 30086 4 30607 4 30608 4 30811 4 30894 4 30924 4 32731 4 37264 4 38572 4 42512 4 43670 4 47247 4 57825 4 61627 4 61629 4 70479 4 73849 4 74260 4 85858 4 87582 4 96941 4 98221 4 101049 4 106013 4 108863 4 108865 4 108868 4 108973 4 108988 4 112052 4 112082 4 112083 4 112176 4 112436 4 112537 4 112538 4 112610 4 112622 4 112623 4 112636 4 124846 4 124981 4 126161 4 127560 4 141925 4 142551 4 143375 4 148145 4 151503 4 153830 4 155813 4 158326 4 169860 4 173239 4 176324 4 958 3 1016 3 1017 3 2273 3 9604 3 16751 3 16757 3 16768 3 17584 3 17600 3 17640 3 18139 3 18232 3 19260 3 20747 3 25292 3 25300 3 25370 3 25396 3 28012 3 30084 3 30092 3 30594 3 30810 3 30919 3 30935 3 31037 3 31038 3 31058 3 32437 3 32712 3 32738 3 32763 3 32864 3 34310 3 34582 3 34687 3 34936 3 36091 3 36545 3 37263 3 40739 3 40740 3 40904 3 43104 3 43791 3 45539 3 46912 3 47242 3 50224 3 51040 3 53401 3 54366 3 56354 3 58715 3 59226 3 61628 3 66111 3 68485 3 69131 3 69132 3 69134 3 70478 3 73221 3 73670 3 74231 3 74258 3 76048 3 79082 3 79134 3 79906 3 81220 3 101947 3 105367 3 105701 3 105745 3 105909 3 106014 3 106359 3 107867 3 108975 3 108978 3 111438 3 111577 3 111578 3 112177 3 115898 3 119998 3 122559 3 123200 3 125021 3 126367 3 126368 3 130814 3 135472 3 140441 3 140459 3 145973 3 148705 3 148986 3 153828 3 153829 3 155351 3 155449 3 172432 3 2 2 6 2 32 2 38 2 42 2 46 2 56 2 58 2 8989 2 8993 2 10266 2 14946 2 15865 2 17585 2 19235 2 22611 2 22700 2 25253 2 25254 2 25256 2 25278 2 30087 2 30140 2 30589 2 30787 2 32704 2 32841 2 33623 2 36529 2 36692 2 43468 2 44413 2 48101 2 54399 2 56617 2 57820 2 67032 2 67216 2 73421 2 73859 2 76184 2 78143 2 78939 2 79136 2 79302 2 79633 2 81924 2 82014 2 82682 2 83524 2 93379 2 93613 2 94283 2 98932 2 98933 2 104613 2 105377 2 105484 2 105558 2 105566 2 105817 2 106201 2 106418 2 106476 2 106499 2 106553 2 108694 2 108735 2 108864 2 112077 2 146980 2 148712 2 148744 2 156472 2 158275 2 160502 2 162314 2 174361 2 820 1 942 1 3463 1 15131 1 16340 1 17249 1 17273 1 28408 1 36804 1 43779 1 45932 1 49552 1 49734 1 57804 1 57954 1 58130 1 61472 1 63161 1 63489 1 72783 1 75446 1 77450 1 82220 1 82221 1 85324 1 85862 1 92947 1 93261 1 93351 1 95741 1 99235 1 100493 1 104675 1 106955 1 106962 1 106965 1 122282 1 126362 1 128928 1 130233 1 130799 1 131418 1 141279 1 141894 1 148760 1 153832 1 173377 1 
The number of relevant document for query 20 is: 301

------------------------------ Relevants for queryNo = 21 ------------ 
21 1161 4 43635 4 55818 4 59433 4 68801 4 71092 4 94540 4 94545 4 94547 4 97846 4 104407 4 34846 3 55817 3 59431 3 67526 3 82137 3 84458 3 94539 3 94543 3 94984 3 100190 3 102137 3 104379 3 114084 3 124332 3 140095 3 146239 3 155255 3 165647 3 166018 3 19616 2 27093 2 29925 2 34799 2 39300 2 43591 2 46028 2 46511 2 49936 2 53421 2 64375 2 66368 2 67495 2 67518 2 67542 2 69553 2 70590 2 71091 2 72991 2 75113 2 83986 2 84335 2 85512 2 90102 2 90596 2 94939 2 94973 2 95925 2 96922 2 97915 2 98951 2 99595 2 104359 2 104389 2 104395 2 104399 2 104405 2 104423 2 104549 2 105191 2 105545 2 105546 2 110773 2 112632 2 113605 2 113608 2 114014 2 115905 2 117004 2 124301 2 124324 2 124348 2 124353 2 124355 2 124389 2 125054 2 136277 2 138414 2 139206 2 140116 2 146231 2 152942 2 159737 2 162679 2 164134 2 164591 2 164615 2 164767 2 164796 2 165006 2 165336 2 165782 2 165808 2 166353 2 166361 2 166521 2 166545 2 168384 2 169747 2 173808 2 15857 1 15865 1 16660 1 17979 1 19613 1 19981 1 24625 1 27128 1 30729 1 31017 1 33801 1 34798 1 42312 1 42473 1 43341 1 43639 1 44124 1 44742 1 48418 1 49497 1 50827 1 52319 1 57397 1 58017 1 58822 1 60531 1 61369 1 63077 1 64356 1 64371 1 65119 1 66639 1 67547 1 67583 1 69496 1 73005 1 75112 1 75209 1 75211 1 76822 1 80932 1 82223 1 83458 1 84043 1 86046 1 88203 1 100191 1 100201 1 104394 1 104435 1 105421 1 105437 1 113143 1 118777 1 118783 1 118904 1 119364 1 120864 1 121482 1 123922 1 123987 1 129338 1 135001 1 140105 1 140286 1 145561 1 155254 1 157828 1 162678 1 164026 1 165646 1 166017 1 172163 1 173345 1 175223 1 
The number of relevant document for query 21 is: 185

------------------------------ Relevants for queryNo = 28 ------------ 
28 10641 4 68190 4 72750 4 73277 4 78824 4 89378 4 95583 4 105722 4 107550 4 107736 4 128152 4 141719 4 153593 4 153594 4 154261 4 161948 4 162638 4 164519 4 164520 4 164647 4 164667 4 164784 4 164785 4 164790 4 164804 4 164840 4 164841 4 164908 4 164934 4 164974 4 164987 4 164998 4 165213 4 165214 4 170449 4 172323 4 173780 4 174422 4 5836 3 5905 3 6263 3 6764 3 6813 3 10585 3 13784 3 41439 3 44964 3 59170 3 69203 3 69876 3 70677 3 71365 3 73167 3 73305 3 76830 3 82547 3 89322 3 92299 3 94722 3 99146 3 99192 3 99802 3 99810 3 100944 3 101634 3 103006 3 104162 3 105721 3 107826 3 122199 3 126045 3 134385 3 138199 3 139641 3 141958 3 143682 3 153313 3 153600 3 153603 3 153636 3 155909 3 155911 3 164909 3 169875 3 170416 3 172313 3 172314 3 172856 3 173747 3 174424 3 6171 2 6857 2 13232 2 19377 2 19378 2 36347 2 36351 2 43389 2 45915 2 47456 2 49552 2 51306 2 52895 2 55279 2 61535 2 61863 2 64354 2 64540 2 65806 2 66803 2 67124 2 70338 2 73240 2 80983 2 81367 2 82610 2 85330 2 89771 2 90822 2 93390 2 94825 2 94999 2 95933 2 95949 2 99105 2 99220 2 101016 2 103107 2 104106 2 104250 2 104629 2 105081 2 105377 2 105558 2 107884 2 108205 2 112055 2 112057 2 113345 2 113677 2 123277 2 130815 2 130915 2 130920 2 131211 2 132191 2 132282 2 132669 2 133757 2 134235 2 135472 2 135918 2 135922 2 137312 2 137509 2 139830 2 139845 2 140685 2 144272 2 148881 2 150241 2 150693 2 151439 2 151446 2 151638 2 151728 2 151735 2 153945 2 158021 2 163122 2 163470 2 165840 2 166769 2 172319 2 174275 2 174417 2 175180 2 7352 1 9113 1 10721 1 10761 1 11785 1 12155 1 13423 1 15329 1 15722 1 15827 1 15855 1 15857 1 15865 1 19216 1 19218 1 21547 1 21602 1 24414 1 24416 1 24420 1 26174 1 29577 1 31437 1 31841 1 31905 1 31995 1 32525 1 32619 1 36349 1 47730 1 47997 1 49672 1 51392 1 53802 1 62873 1 64614 1 65409 1 68443 1 68819 1 70746 1 70759 1 71698 1 73005 1 73421 1 74287 1 75790 1 76091 1 76724 1 77617 1 79041 1 79132 1 79576 1 81520 1 81981 1 81982 1 92253 1 101218 1 101402 1 101537 1 104168 1 105720 1 110773 1 112077 1 132086 1 132289 1 134732 1 138335 1 138414 1 140048 1 141858 1 158335 1 158483 1 159415 1 162669 1 162773 1 162902 1 163283 1 163472 1 163474 1 164405 1 164601 1 164816 1 164844 1 167675 1 170302 1 170424 1 171409 1 
The number of relevant document for query 28 is: 264

------------------------------ Relevants for queryNo = 32 ------------ 
32 18256 4 18266 4 53204 4 62914 4 62950 4 69448 4 69703 4 72874 4 78660 4 80768 4 81710 4 81711 4 82265 4 82994 4 84797 4 90237 4 93120 4 96565 4 99366 4 115368 4 122052 4 122088 4 125553 4 131052 4 131344 4 140643 4 148946 4 148947 4 150515 4 150524 4 150530 4 150532 4 150534 4 150655 4 150656 4 152486 4 153469 4 153686 4 156954 4 156958 4 156961 4 156968 4 156969 4 156979 4 156980 4 156987 4 156989 4 156993 4 156997 4 157096 4 157112 4 157113 4 165420 4 165423 4 172355 4 172713 4 173756 4 1232 3 1274 3 1280 3 1282 3 1571 3 46340 3 46635 3 49429 3 77195 3 111948 3 121108 3 138825 3 140780 3 140784 3 148948 3 150509 3 150531 3 152663 3 153480 3 153789 3 156996 3 157001 3 162855 3 169476 3 172714 3 172719 3 172812 3 174814 3 176197 3 693 2 1276 2 1327 2 18265 2 44288 2 69756 2 74163 2 76443 2 83596 2 91915 2 95741 2 95806 2 96541 2 96562 2 99382 2 106973 2 107750 2 110725 2 124674 2 130093 2 144113 2 146786 2 146871 2 150519 2 165735 2 165975 2 169131 2 169487 2 169720 2 171970 2 175685 2 429 1 879 1 885 1 957 1 1207 1 1238 1 1457 1 1473 1 1485 1 3390 1 15827 1 18514 1 19652 1 36635 1 37424 1 53022 1 61077 1 69708 1 69718 1 93103 1 94008 1 101537 1 102187 1 104496 1 107068 1 110438 1 113977 1 114733 1 115645 1 119430 1 122495 1 125561 1 125563 1 129505 1 131247 1 131558 1 135662 1 143968 1 145949 1 146780 1 150023 1 152691 1 162672 1 165362 1 170675 1 172336 1 173905 1 
The number of relevant document for query 32 is: 164

------------------------------ Relevants for queryNo = 33 ------------ 
33 72127 4 152591 4 153590 4 154433 4 154434 4 154728 4 156035 4 29474 3 45623 3 47923 3 109894 3 109895 3 109896 3 109897 3 110386 3 152583 3 153589 3 156027 3 156036 3 156151 3 162440 3 171618 3 463 2 27485 2 34596 2 37569 2 37572 2 37574 2 37576 2 45611 2 45625 2 45627 2 45629 2 45630 2 46664 2 47913 2 47925 2 47927 2 49282 2 64305 2 65664 2 72125 2 109891 2 109893 2 110793 2 110804 2 110816 2 112870 2 112877 2 120485 2 122948 2 154424 2 154727 2 156028 2 156033 2 156150 2 171612 2 175080 2 446 1 462 1 1893 1 7190 1 15827 1 15855 1 32133 1 37571 1 44326 1 44370 1 46832 1 47675 1 48140 1 48498 1 48502 1 73583 1 74022 1 79639 1 85761 1 105548 1 105706 1 108131 1 109806 1 109900 1 109905 1 109909 1 110387 1 113374 1 114158 1 114337 1 114341 1 125266 1 125522 1 126707 1 131901 1 145949 1 148756 1 150018 1 154574 1 167675 1 169444 1 
The number of relevant document for query 33 is: 99

------------------------------ Relevants for queryNo = 35 ------------ 
35 1523 4 13904 4 55579 4 80830 4 80831 4 80833 4 94911 4 100824 4 101361 4 137651 4 165944 4 165945 4 165981 4 165982 4 166111 4 166485 4 166722 4 166723 4 170221 4 170235 4 170236 4 173728 4 173729 4 69050 3 93996 3 95071 3 107894 3 108262 3 133561 3 133562 3 136838 3 136839 3 139961 3 139962 3 140010 3 140265 3 141259 3 141651 3 141652 3 141832 3 141837 3 145419 3 145515 3 147233 3 147238 3 170224 3 1519 2 1527 2 13894 2 14398 2 16070 2 70079 2 70153 2 73630 2 77617 2 84710 2 93596 2 94454 2 95124 2 99002 2 100952 2 101376 2 107897 2 108259 2 108433 2 133279 2 134503 2 138078 2 138642 2 138653 2 140248 2 140256 2 141833 2 143598 2 145476 2 145481 2 152283 2 153488 2 154107 2 154773 2 154774 2 163825 2 165955 2 166119 2 166122 2 166215 2 170222 2 173220 2 182 1 5993 1 5995 1 6286 1 16082 1 19480 1 21992 1 22004 1 22764 1 22837 1 23334 1 23343 1 28276 1 39957 1 42760 1 42866 1 43446 1 46465 1 46523 1 47605 1 49849 1 58900 1 59440 1 69857 1 81097 1 81354 1 95559 1 96805 1 99791 1 101642 1 104170 1 104867 1 108248 1 108751 1 109086 1 110928 1 117046 1 120082 1 121585 1 121613 1 121730 1 125178 1 128135 1 132603 1 143768 1 143878 1 147236 1 157834 1 161264 1 161681 1 162799 1 163479 1 164458 1 165669 1 165990 1 166970 1 167675 1 170875 1 173302 1 173824 1 174998 1 175003 1 175028 1 
The number of relevant document for query 35 is: 151

------------------------------ Relevants for queryNo = 37 ------------ 
37 146689 4 153898 4 166789 4 173705 4 173707 4 173709 4 173711 4 173713 4 55483 3 55651 3 59612 3 67241 3 67244 3 69857 3 94685 3 124047 3 124048 3 124050 3 124051 3 166788 3 173269 3 173704 3 173706 3 173708 3 173710 3 173712 3 15722 2 39957 2 42760 2 50145 2 54540 2 54547 2 54550 2 59611 2 60028 2 60055 2 67914 2 70153 2 71574 2 73005 2 81154 2 82714 2 84591 2 99637 2 107865 2 109075 2 112037 2 112121 2 112283 2 112290 2 116238 2 120175 2 120176 2 120183 2 122588 2 122590 2 123384 2 127448 2 128784 2 134062 2 146686 2 150909 2 150982 2 152211 2 157764 2 158173 2 158186 2 164692 2 165438 2 165448 2 165603 2 165854 2 165857 2 166515 2 166517 2 167675 2 167834 2 169220 2 169622 2 169979 2 170302 2 171643 2 171716 2 171719 2 172831 2 173260 2 173302 2 173356 2 173700 2 173701 2 175003 2 1048 1 1566 1 14030 1 14031 1 14066 1 14069 1 14102 1 14105 1 15931 1 16082 1 18046 1 19480 1 19487 1 19598 1 22004 1 22764 1 22837 1 23343 1 24588 1 28276 1 37593 1 41112 1 41176 1 42866 1 46465 1 46523 1 49672 1 49849 1 59440 1 64581 1 76663 1 81097 1 81354 1 87450 1 88839 1 91883 1 95143 1 96900 1 98973 1 99181 1 99634 1 99984 1 100303 1 100948 1 100979 1 101638 1 101669 1 103010 1 103041 1 103974 1 103994 1 104197 1 107004 1 107894 1 110295 1 110773 1 111294 1 112562 1 112635 1 116183 1 117044 1 128786 1 128810 1 133997 1 134447 1 138361 1 145419 1 151401 1 151402 1 151412 1 151413 1 151496 1 151867 1 151868 1 152209 1 152210 1 152604 1 152703 1 152704 1 152732 1 152766 1 152820 1 152935 1 152936 1 153888 1 155914 1 156459 1 156587 1 158916 1 161681 1 161707 1 164447 1 165340 1 165341 1 165342 1 165363 1 165439 1 165468 1 165508 1 165578 1 165579 1 165581 1 165600 1 165707 1 165773 1 165855 1 165856 1 166009 1 166158 1 166852 1 168685 1 168777 1 169864 1 169865 1 170653 1 170898 1 171179 1 171640 1 171642 1 175044 1 175351 1 175683 1 
The number of relevant document for query 37 is: 213

------------------------------ Relevants for queryNo = 37 ------------ 
37 146689 4 153898 4 166789 4 173705 4 173707 4 173709 4 173711 4 173713 4 55483 3 55651 3 59612 3 67241 3 67244 3 69857 3 94685 3 124047 3 124048 3 124050 3 124051 3 166788 3 173269 3 173704 3 173706 3 173708 3 173710 3 173712 3 15722 2 39957 2 42760 2 50145 2 54540 2 54547 2 54550 2 59611 2 60028 2 60055 2 67914 2 70153 2 71574 2 73005 2 81154 2 82714 2 84591 2 99637 2 107865 2 109075 2 112037 2 112121 2 112283 2 112290 2 116238 2 120175 2 120176 2 120183 2 122588 2 122590 2 123384 2 127448 2 128784 2 134062 2 146686 2 150909 2 150982 2 152211 2 157764 2 158173 2 158186 2 164692 2 165438 2 165448 2 165603 2 165854 2 165857 2 166515 2 166517 2 167675 2 167834 2 169220 2 169622 2 169979 2 170302 2 171643 2 171716 2 171719 2 172831 2 173260 2 173302 2 173356 2 173700 2 173701 2 175003 2 1048 1 1566 1 14030 1 14031 1 14066 1 14069 1 14102 1 14105 1 15931 1 16082 1 18046 1 19480 1 19487 1 19598 1 22004 1 22764 1 22837 1 23343 1 24588 1 28276 1 37593 1 41112 1 41176 1 42866 1 46465 1 46523 1 49672 1 49849 1 59440 1 64581 1 76663 1 81097 1 81354 1 87450 1 88839 1 91883 1 95143 1 96900 1 98973 1 99181 1 99634 1 99984 1 100303 1 100948 1 100979 1 101638 1 101669 1 103010 1 103041 1 103974 1 103994 1 104197 1 107004 1 107894 1 110295 1 110773 1 111294 1 112562 1 112635 1 116183 1 117044 1 128786 1 128810 1 133997 1 134447 1 138361 1 145419 1 151401 1 151402 1 151412 1 151413 1 151496 1 151867 1 151868 1 152209 1 152210 1 152604 1 152703 1 152704 1 152732 1 152766 1 152820 1 152935 1 152936 1 153888 1 155914 1 156459 1 156587 1 158916 1 161681 1 161707 1 164447 1 165340 1 165341 1 165342 1 165363 1 165439 1 165468 1 165508 1 165578 1 165579 1 165581 1 165600 1 165707 1 165773 1 165855 1 165856 1 166009 1 166158 1 166852 1 168685 1 168777 1 169864 1 169865 1 170653 1 170898 1 171179 1 171640 1 171642 1 175044 1 175351 1 175683 1 
The number of relevant document for query 37 is: 213

